t	dtet
-1	0
-0.9	1.51044E-7
-0.8	1.98438E-6
-0.7	5.46875E-7
-0.6	9.375E-8
-0.5	4.63544E-7
-0.4	-5E-7
-0.3	-1.84896E-6
-0.2	-4.89063E-6
-0.1	-1.06563E-5
0	-2.04375E-5
0.1	-3.54323E-5
0.2	-5.29323E-5
0.3	-7.44739E-5
0.4	-1.01328E-4
0.5	-1.29047E-4
0.6	-1.56974E-4
0.7	-1.84063E-4
0.8	-2.05969E-4
0.9	-2.18922E-4
1	-2.30146E-4
1.1	-2.33005E-4
1.2	-2.30505E-4
1.3	-2.24005E-4
1.4	-2.19797E-4
1.5	-2.16146E-4
1.6	-2.10094E-4
1.7	-2.03521E-4
1.8	-1.96786E-4
1.9	-1.92083E-4
2	-1.92917E-4
2.1	-1.89411E-4
2.2	-1.86557E-4
2.3	-1.84219E-4
2.4	-1.82635E-4
2.5	-1.78411E-4
2.6	-1.77026E-4
2.7	-1.75531E-4
2.8	-1.72531E-4
2.9	-1.72755E-4
3	-1.70208E-4
3.1	-1.6876E-4
3.2	-1.66083E-4
3.3	-1.67057E-4
3.4	-1.67219E-4
3.5	-1.65542E-4
3.6	-1.65417E-4
3.7	-1.65364E-4
3.8	-1.62578E-4
3.9	-1.62016E-4
4	-1.60922E-4
6	-1.57005E-4
8	-1.55411E-4
10	-1.65391E-4
12	-1.66953E-4
14	-1.61146E-4
16	-1.57672E-4
18	-1.54E-4
20	-1.52635E-4
22	-1.50167E-4
24	-1.44953E-4
26	-1.44016E-4
28	-1.43422E-4
30	-1.41781E-4
32	-1.39792E-4
34	-1.3637E-4
36	-1.35073E-4
38	-1.305E-4
40	-1.27375E-4
42	-1.25063E-4
44	-1.22677E-4
46	-1.16583E-4
48	-1.14406E-4
50	-1.12182E-4
52	-1.09557E-4
54	-1.06219E-4
56	-1.04114E-4
58	-1.0126E-4
60	-9.64845E-5
62	-9.20156E-5
64	-8.76614E-5
66	-8.38594E-5
68	-8.20885E-5
70	-7.97292E-5
72	-7.45573E-5
74	-7.15469E-5
76	-6.97552E-5
78	-6.78698E-5
80	-6.77656E-5
82	-6.57083E-5
84	-6.23489E-5
86	-5.97031E-5
88	-5.88594E-5
90	-5.90938E-5
92	-5.86458E-5
94	-5.57969E-5
96	-5.66927E-5
98	-5.61198E-5
100	-5.40104E-5
102	-5.33281E-5
104	-5.49739E-5
106	-5.46927E-5
108	-5.40521E-5
110	-5.31875E-5
112	-5.27448E-5
114	-5.21198E-5
116	-5.26771E-5
118	-5.39323E-5
120	-5.22656E-5
122	-4.9651E-5
124	-4.92188E-5
126	-4.99427E-5
128	-4.93489E-5
130	-4.92864E-5
132	-4.86198E-5
134	-4.62083E-5
136	-4.49792E-5
138	-4.37031E-5
140	-4.16354E-5
142	-4.04844E-5
144	-3.89271E-5
146	-3.86823E-5
148	-3.89739E-5
150	-3.79792E-5
152	-3.48073E-5
154	-3.3526E-5
156	-3.37604E-5
158	-3.30677E-5
160	-3.36406E-5
162	-3.06302E-5
164	-2.90104E-5
166	-2.89063E-5
168	-2.88438E-5
170	-2.83542E-5
172	-2.85521E-5
174	-2.82292E-5
176	-2.91614E-5
178	-2.70938E-5
180	-2.57656E-5
182	-2.53229E-5
184	-2.72552E-5
186	-2.56354E-5
188	-2.65E-5
190	-2.74739E-5
192	-2.73542E-5
194	-2.62969E-5
196	-2.72083E-5
198	-2.43802E-5
200	-2.48021E-5
202	-2.59167E-5
204	-2.58333E-5
206	-2.56979E-5
208	-2.44114E-5
210	-2.36667E-5
212	-2.32813E-5
214	-2.26875E-5
216	-2.37083E-5
218	-2.32813E-5
220	-2.27656E-5
222	-2.29688E-5
224	-2.3651E-5
226	-2.29323E-5
228	-2.24583E-5
230	-2.17552E-5
232	-2.02917E-5
234	-2.00521E-5
236	-2.00052E-5
238	-2.00677E-5
240	-1.7125E-5
242	-1.63698E-5
244	-1.72813E-5
246	-1.86042E-5
248	-1.78021E-5
250	-1.76614E-5
252	-1.80677E-5
254	-1.73698E-5
256	-1.70417E-5
258	-1.76042E-5
260	-1.63281E-5
262	-1.60417E-5
264	-1.55208E-5
266	-1.53594E-5
268	-1.61198E-5
270	-1.67813E-5
272	-1.48854E-5
274	-1.54739E-5
276	-1.55208E-5
278	-1.54114E-5
280	-1.53229E-5
282	-1.61719E-5
284	-1.49271E-5
286	-1.4776E-5
288	-1.47188E-5
290	-1.47396E-5
292	-1.41823E-5
294	-1.43333E-5
296	-1.4125E-5
298	-1.45677E-5
300	-1.42031E-5
302	-1.36354E-5
304	-1.47552E-5
306	-1.30364E-5
308	-1.32604E-5
310	-1.3901E-5
312	-1.47135E-5
314	-1.29739E-5
316	-1.34167E-5
318	-1.30104E-5
320	-1.25573E-5
322	-1.41406E-5
324	-1.18281E-5
326	-1.27604E-5
328	-1.30938E-5
330	-1.19479E-5
332	-1.27344E-5
334	-1.325E-5
336	-1.11927E-5
338	-1.13385E-5
340	-1.16771E-5
342	-1.16667E-5
344	-1.16146E-5
346	-1.14323E-5
348	-1.05313E-5
350	-1.13438E-5
352	-1.06458E-5
354	-1.24323E-5
356	-1.12031E-5
358	-1.15052E-5
360	-1.01771E-5
362	-1.23021E-5
364	-1.08073E-5
366	-1.15417E-5
368	-1.08594E-5
370	-1.01875E-5
372	-1.08333E-5
374	-8.58854E-6
376	-1.06927E-5
378	-1.08281E-5
380	-1.04167E-5
382	-9.84895E-6
384	-8.81251E-6
386	-8.81251E-6
388	-8.10938E-6
390	-9.03126E-6
392	-8.73957E-6
394	-8.48957E-6
396	-9.45313E-6
398	-9.43751E-6
400	-9.76042E-6
402	-9.73438E-6
404	-1.05208E-5
406	-9.33332E-6
408	-1.06406E-5
410	-9.09376E-6
412	-8.53645E-6
414	-8.89582E-6
416	-8.33854E-6
418	-8.94792E-6
420	-8.67707E-6
422	-8.80729E-6
424	-9.61979E-6
426	-8.51563E-6
428	-7.80729E-6
430	-8.0677E-6
432	-1.11771E-5
434	-1.00469E-5
436	-8.3177E-6
438	-8.46354E-6
440	-8.08854E-6
442	-8.45313E-6
444	-6.90626E-6
446	-7.83332E-6
448	-8.76563E-6
450	-7.69271E-6
452	-8.37501E-6
454	-8.56251E-6
456	-8.05207E-6
458	-6.71875E-6
460	-6.59896E-6
462	-8.96876E-6
464	-7.95313E-6
466	-9.18751E-6
468	-8.28645E-6
470	-7.56771E-6
472	-8.55207E-6
474	-8.73438E-6
476	-7.9427E-6
478	-8.0052E-6
480	-6.89582E-6
482	-7.36979E-6
484	-8.7552E-6
486	-6.70313E-6
488	-7.64582E-6
490	-8.02083E-6
492	-7.65104E-6
494	-6.85938E-6
496	-7.26042E-6
498	-6.57292E-6
500	-6.86979E-6
520	-6.61457E-6
540	-6.67188E-6
560	-7.92707E-6
580	-5.31771E-6
600	-6.90625E-6
620	-5.61979E-6
640	-4.89582E-6
660	-5.84375E-6
680	-4.98438E-6
700	-6.77604E-6
720	-3.01562E-6
740	-3.02604E-6
760	-3.41667E-6
780	-3.33333E-6
800	-3.72917E-6
820	-3.20312E-6
840	-2.82292E-6
860	-2.91146E-6
880	-3.24479E-6
900	-3.26042E-6
920	-4.66146E-6
940	-3.70313E-6
960	-2.93229E-6
980	-4.59376E-6
1000	-2.5625E-6
1020	-3.91667E-6
1040	-3.86979E-6
1060	-1.60417E-6
1080	1.40625E-7
1100	-1.58333E-6
1120	-1.48437E-6
1140	-1.11979E-6
1160	-2.57812E-6
1180	-1.95313E-6
1200	-1.95312E-6
1220	-3.57292E-6
1240	-2.59896E-6
1260	-1.77081E-7
1280	-1.61458E-6
1300	-1.93229E-6
1320	7.96875E-7
1340	-9.21875E-7
1360	-3.54687E-6
1380	-1.66666E-7
1400	-1.39062E-6
1420	-3.0625E-6
1440	-1.84375E-6
1460	-1.11979E-6
1480	-6.77081E-7
1500	-1.35416E-7
1520	-3.23437E-6
1540	-6.25E-7
1560	-5.01563E-6
1580	-3.54688E-6
1600	1.21354E-6
1620	-3.61458E-6
1640	5.20834E-7
1660	-1.09896E-6
1680	-1.53646E-6
1700	-2.21354E-6
1720	5.15625E-7
1740	-7.39581E-7
1760	5.15625E-7
1780	-3.25E-6
1800	-3.34895E-6
1820	3.79167E-6
1840	-9.375E-8
1860	6.77084E-7